#timestamppx py pz qx qy qz qw
1680081358.640115 -0.00000568 0.00000197 0.00000956 -0.01560834 -0.00752245 -0.00010886 0.99984988
1680081358.706790 0.00000735 -0.00002690 0.00000529 -0.01559065 -0.00752185 -0.00012228 0.99985016
1680081358.773465 -0.00002982 0.00000211 -0.00004106 -0.01564568 -0.00750656 -0.00010526 0.99984942
1680081358.840138 -0.00002191 0.00033377 -0.00003792 -0.01565631 -0.00732849 -0.00013383 0.99985057
1680081358.906812 -0.00039714 0.00004953 -0.00009708 -0.01561656 -0.00742825 -0.00011508 0.99985045
1680081358.973486 -0.00052670 0.00008428 -0.00029679 -0.01564745 -0.00745471 -0.00012310 0.99984977
1680081359.040153 -0.00053358 0.00008476 -0.00028253 -0.01564275 -0.00745172 -0.00011806 0.99984987
1680081359.106819 -0.00035704 0.00012483 -0.00060500 -0.01564487 -0.00744834 -0.00011957 0.99984986
1680081359.173486 -0.00040120 0.00010760 -0.00058865 -0.01565137 -0.00747339 -0.00012445 0.99984957
1680081359.240150 -0.00027474 0.00002270 -0.00031042 -0.01566302 -0.00743347 -0.00011400 0.99984969
1680081359.306816 -0.00024878 0.00001890 -0.00039447 -0.01566665 -0.00746236 -0.00011479 0.99984942
1680081359.373481 -0.00030232 0.00001634 -0.00021558 -0.01567107 -0.00745570 -0.00011894 0.99984940
1680081359.440146 -0.00033185 0.00002894 -0.00016374 -0.01568761 -0.00746615 -0.00012455 0.99984906
1680081359.506810 -0.00030388 -0.00000859 -0.00012520 -0.01569546 -0.00745337 -0.00011891 0.99984903
1680081359.573474 -0.00034067 0.00000438 -0.00014957 -0.01571243 -0.00746517 -0.00011347 0.99984868
1680081359.640138 -0.00032069 0.00013436 -0.00063393 -0.01568887 -0.00748873 -0.00012505 0.99984887
1680081359.706800 -0.00028064 0.00010471 -0.00071229 -0.01568964 -0.00749379 -0.00011346 0.99984882
1680081359.773463 -0.00025936 0.00002279 -0.00025917 -0.01569337 -0.00746926 -0.00011763 0.99984895
1680081359.840126 -0.00030908 0.00004848 -0.00013852 -0.01571182 -0.00746179 -0.00011888 0.99984871
1680081359.906788 -0.00021936 0.00002784 -0.00025867 -0.01570588 -0.00746517 -0.00010397 0.99984878
1680081359.973450 -0.00002753 0.00001702 -0.00035741 -0.01571997 -0.00749603 -0.00010231 0.99984833
1680081360.040125 -0.00009298 0.00002337 -0.00032380 -0.01571659 -0.00749340 -0.00010623 0.99984840
1680081360.106797 -0.00012320 -0.00001133 -0.00024630 -0.01572815 -0.00743987 -0.00011110 0.99984862
1680081360.173467 -0.00008513 -0.00005303 -0.00034197 -0.01573641 -0.00743441 -0.00009717 0.99984853
1680081360.240139 0.00002028 0.00039525 -0.00018535 -0.01573129 -0.00745501 -0.00012647 0.99984846
1680081360.306810 -0.00005755 0.00034148 -0.00022499 -0.01569807 -0.00755318 -0.00011529 0.99984824
1680081360.373481 -0.00043625 0.00005950 -0.00042771 -0.01557362 -0.00773030 -0.00010298 0.99984884
1680081360.440152 -0.00061889 0.00018570 -0.00038984 -0.01568132 -0.00760749 -0.00010125 0.99984809
1680081360.506823 -0.00064624 0.00011600 -0.00045266 -0.01541019 -0.00791135 -0.00007179 0.99984995
1680081360.573492 -0.00031207 0.00016306 -0.00071677 -0.01532997 -0.00782677 -0.00007978 0.99985185
1680081360.640162 0.00034500 0.00063891 -0.00033130 -0.01662777 -0.00653798 -0.00006452 0.99984037
1680081360.706832 -0.00045510 -0.00026549 0.00017937 -0.01582511 -0.00752044 -0.00005845 0.99984649
1680081360.773502 -0.00068351 -0.00062343 -0.00074979 -0.01395299 -0.00936704 -0.00012908 0.99985877
1680081360.840172 0.00036776 0.00048217 -0.00074232 -0.01550016 -0.00769579 -0.00009596 0.99985024
1680081360.906841 0.00036666 0.00043681 -0.00001090 -0.01694177 -0.00633204 -0.00006476 0.99983643
1680081360.973513 -0.00037270 -0.00030282 -0.00024033 -0.01565850 -0.00770081 -0.00008274 0.99984774
1680081361.040186 -0.00031382 -0.00025831 -0.00091901 -0.01458458 -0.00870347 -0.00011355 0.99985575
1680081361.106861 0.00038213 0.00009643 -0.00135718 -0.01548005 -0.00777203 -0.00005690 0.99984997
1680081361.173535 0.00008988 -0.00007435 -0.00057316 -0.01600987 -0.00728312 -0.00004492 0.99984531
1680081361.240209 -0.00029789 -0.00034259 -0.00068500 -0.01528331 -0.00803443 -0.00007972 0.99985092
1680081361.306884 -0.00037257 -0.00035354 -0.00076726 -0.01513467 -0.00815933 -0.00006970 0.99985217
1680081361.373558 0.00029418 0.00054660 -0.00035153 -0.01622362 -0.00688961 -0.00008063 0.99984465
1680081361.440232 0.00009941 0.00032905 0.00064160 -0.01762457 -0.00579695 -0.00011623 0.99982786
1680081361.506904 -0.00042767 -0.00026196 0.00019792 -0.01608794 -0.00687867 -0.00017741 0.99984690
1680081361.573578 0.00007985 0.00026985 0.00048144 -0.01815053 -0.00498107 -0.00013959 0.99982285
1680081361.640252 -0.00033056 -0.00009127 0.00016098 -0.01805490 -0.00513916 0.00020615 0.99982377
1680081361.706926 -0.00023106 -0.00020168 0.00008062 -0.01785278 -0.00521909 0.00048397 0.99982689
1680081361.773599 -0.00003208 -0.00000735 0.00006576 -0.01810472 -0.00456336 -0.00025531 0.99982565
1680081361.840272 0.00012086 0.00017625 0.00020025 -0.01829299 -0.00470510 0.00026186 0.99982156
1680081361.906945 0.00089158 -0.00054554 -0.00028195 -0.01804640 -0.00294765 -0.00028329 0.99983277
1680081361.973619 0.00023427 0.00014258 0.00068610 -0.01891055 -0.00234866 -0.00244192 0.99981544
1680081362.040292 -0.00184547 -0.00044633 0.00029233 -0.01726447 -0.00563497 -0.00350069 0.99982895
1680081362.106965 -0.00098874 0.00146957 0.00114624 -0.01905584 -0.00386877 -0.00591404 0.99979344
1680081362.173638 0.00061162 0.00152804 0.00063095 -0.01898596 -0.00224560 -0.00313414 0.99981232
1680081362.240312 0.00419314 0.00230468 0.00062573 -0.02067954 0.00254362 0.00200324 0.99978091
1680081362.306985 0.00842048 0.00107700 0.00263130 -0.02074647 0.01195726 0.00830760 0.99967874
1680081362.373657 0.01551493 -0.00474666 0.00243362 -0.01636328 0.02020387 0.01436783 0.99955871
1680081362.440330 0.02082653 -0.00661351 0.00290093 -0.01907831 0.02635471 0.01389154 0.99937404
1680081362.507002 0.03293818 -0.00783815 -0.00604669 -0.01108447 0.02613641 0.01426613 0.99949512
1680081362.573675 0.04074651 -0.00834463 -0.00348221 -0.00737746 0.04061359 0.01759485 0.99899276
1680081362.640347 0.03792404 -0.00099524 -0.00309311 -0.02969716 0.02338309 0.02098616 0.99906501
1680081362.707020 0.04116199 0.01002818 0.01360291 -0.05785154 0.03076230 0.03122723 0.99736239
1680081362.773692 0.04328162 0.00386135 0.02109836 -0.03439198 0.04231051 0.05118538 0.99719961
1680081362.840364 0.04097553 0.01275759 0.02710900 -0.02684459 0.01895573 0.05558988 0.99791273
1680081362.907036 0.03211480 -0.04185718 0.05436113 -0.01992536 0.03596552 0.05455670 0.99766379
1680081362.973708 0.06210542 -0.01175275 0.06769742 -0.00769256 0.02727704 0.04508802 0.99858092
1680081363.040382 0.05962064 -0.00937991 0.08433121 0.02199992 0.00693317 0.03654552 0.99906574
1680081363.107057 0.04298886 0.01089669 0.10944797 0.04724558 -0.01551817 0.02887847 0.99834517
1680081363.173731 0.04673842 0.03201421 0.14522595 0.04837925 -0.03779660 0.01565791 0.99799083
1680081363.240404 0.05546191 0.04463436 0.17414581 0.04700069 -0.05965323 0.01010614 0.99706083
1680081363.307078 0.10320406 0.16486491 0.20114978 0.00524682 -0.08369610 0.00720469 0.99645147
1680081363.373752 0.02966908 0.01661690 0.27179152 0.01284044 -0.08671395 0.00600133 0.99613242
1680081363.440426 0.02710007 -0.01160406 0.31892938 0.01175563 -0.07873366 0.00455585 0.99681596
1680081363.507100 0.03009823 0.00502059 0.34927128 0.01395445 -0.06816788 0.00595363 0.99755850
1680081363.573773 0.03587408 0.01156233 0.37901967 0.00000832 -0.06265707 0.00561329 0.99801933
1680081363.640447 0.04447408 0.01359675 0.39785627 -0.01374604 -0.05848336 0.00069263 0.99819350
1680081363.707119 0.02739834 -0.00234904 0.43408181 -0.01579007 -0.04487546 -0.00253974 0.99886456
1680081363.773793 0.03458980 0.01558465 0.45110459 -0.01795718 -0.03231755 0.00015512 0.99931631
1680081363.840466 0.03815494 0.01882860 0.46730626 -0.02347016 -0.02687180 -0.00573308 0.99934688
1680081363.907139 0.04217132 0.02896367 0.48065252 -0.02615454 -0.02595764 -0.00864346 0.99928346
1680081363.973813 0.04124491 0.03772688 0.49020912 -0.02369541 -0.02858263 -0.00512626 0.99929739
1680081364.040493 0.04277804 0.05184080 0.50795608 -0.02155862 -0.03291851 -0.00476695 0.99921413
1680081364.107172 0.04062635 0.06135523 0.51674656 -0.02794860 -0.04096545 -0.00117727 0.99876890
1680081364.173850 0.03861336 0.07310117 0.52348494 -0.02669185 -0.04410698 0.00312552 0.99866528
1680081364.240528 0.03986432 0.08888978 0.52344049 -0.02256689 -0.04668877 0.01051700 0.99859916
1680081364.307207 0.04278349 0.10816724 0.52871399 -0.01693312 -0.04630423 0.02221342 0.99853681
1680081364.373886 0.04643080 0.13008294 0.53365460 -0.01082749 -0.04282723 0.03569844 0.99838580
1680081364.440565 0.05032665 0.15316820 0.53656333 -0.00679757 -0.04249158 0.05232940 0.99770231
1680081364.507244 0.05458836 0.17182039 0.54166663 -0.00682131 -0.04018080 0.07030334 0.99669274
1680081364.573921 0.05662995 0.18853652 0.54550611 -0.01116417 -0.04029568 0.07931612 0.99597218
1680081364.640600 0.05844853 0.20493039 0.54408220 -0.00896753 -0.03764790 0.09277503 0.99493468
1680081364.707279 0.05736204 0.21970261 0.54254487 -0.00173618 -0.03424167 0.10653898 0.99371723
1680081364.773958 0.05688811 0.23181732 0.54139817 0.00175850 -0.02899890 0.11435478 0.99301508
1680081364.840637 0.05347319 0.23567047 0.53831989 -0.00229351 -0.02922178 0.12113317 0.99220340
1680081364.907316 0.05607934 0.23642904 0.53520100 -0.01622880 -0.02980668 0.12245279 0.99189390
1680081364.973994 0.05827443 0.22747428 0.53125547 -0.02470951 -0.02722897 0.11873416 0.99224504
1680081365.040671 0.06084310 0.21371121 0.52871592 -0.02794113 -0.02817757 0.10705139 0.99346128
1680081365.107348 0.06366904 0.19229322 0.52627796 -0.02142238 -0.02407373 0.08995229 0.99542459
1680081365.174025 0.06710341 0.16777466 0.52574623 -0.01590953 -0.02134157 0.07104843 0.99711762
1680081365.240703 0.06557051 0.13989757 0.52490913 -0.02188992 -0.02442048 0.04651437 0.99837913
1680081365.307380 0.06503715 0.11220022 0.52566633 -0.02924412 -0.02635809 0.02154000 0.99899252
1680081365.374057 0.06343398 0.08479899 0.52807932 -0.03900981 -0.02734674 0.00473751 0.99885332
1680081365.440734 0.05827805 0.05697322 0.52936085 -0.05260296 -0.03061804 -0.01546132 0.99802626
1680081365.507411 0.05328385 0.03007340 0.53165110 -0.06483063 -0.03196767 -0.03709206 0.99669415
1680081365.574088 0.04846049 0.00526638 0.53327096 -0.06473923 -0.03227452 -0.05691754 0.99575478
1680081365.640765 0.04213017 -0.01692983 0.53341051 -0.06456803 -0.03483385 -0.06874869 0.99493276
1680081365.707442 0.03627118 -0.03575559 0.53087606 -0.06562745 -0.03646422 -0.08190317 0.99380847
1680081365.774119 0.03187470 -0.04898336 0.52677574 -0.06230009 -0.03627814 -0.09214833 0.99313206
1680081365.840796 0.02827105 -0.05638533 0.52213644 -0.04936935 -0.03859232 -0.09649688 0.99335877
1680081365.907472 0.02612162 -0.05516370 0.51740673 -0.03818447 -0.04121529 -0.09086482 0.99427704
1680081365.974149 0.02611582 -0.04705460 0.51412055 -0.04060899 -0.04808596 -0.08192817 0.99464890
1680081366.040823 0.02637895 -0.03588366 0.51031522 -0.04751866 -0.05354504 -0.07356804 0.99471737
1680081366.107496 0.02787470 -0.02424800 0.50494460 -0.04868988 -0.05331043 -0.06137685 0.99549996
1680081366.174170 0.03127665 -0.01484224 0.49842683 -0.04247110 -0.04804255 -0.05058848 0.99665888
1680081366.240844 0.03502616 -0.00744809 0.49399760 -0.04198888 -0.04513517 -0.04589052 0.99704253
1680081366.307517 0.03799210 -0.00162344 0.49001698 -0.04246081 -0.03931763 -0.04243310 0.99742199
1680081366.374189 0.04217995 0.00435411 0.48417658 -0.04260310 -0.03455357 -0.04010932 0.99768846
1680081366.440863 0.04251397 0.00850225 0.48075367 -0.05059077 -0.03902191 -0.04039120 0.99713912
1680081366.507536 0.04382010 0.00955052 0.47531319 -0.05166842 -0.04108734 -0.03535879 0.99719204
1680081366.574209 0.04452785 0.00747873 0.46641155 -0.04268769 -0.04328094 -0.02910904 0.99772601
1680081366.640882 0.04379173 0.00517747 0.45095951 -0.03592472 -0.04675505 -0.02933831 0.99782897
1680081366.707555 0.04414419 0.00225382 0.43199678 -0.03178129 -0.04947444 -0.03130426 0.99777867
1680081366.774228 0.04269212 -0.00025288 0.40852676 -0.02589570 -0.04880586 -0.02961132 0.99803335
1680081366.840900 0.04076612 -0.00164343 0.38135866 -0.01751723 -0.04542203 -0.02420272 0.99852101
1680081366.907572 0.03972139 -0.00182179 0.34850051 -0.00729549 -0.03602879 -0.01638538 0.99918978
1680081366.974245 0.03928915 -0.00249044 0.31894255 -0.00301362 -0.02667390 -0.01277995 0.99955795
1680081367.040921 0.03919146 -0.00088684 0.28321835 0.00333696 -0.01510638 -0.01025627 0.99982772
1680081367.107598 0.03858187 -0.00189667 0.25180199 0.01441606 -0.00267465 -0.00544839 0.99987766
1680081367.174274 0.03879251 -0.00154540 0.21940808 0.01425283 0.00708098 -0.00792342 0.99984196
1680081367.240949 0.03963608 -0.00016788 0.18732455 0.01011445 0.01742280 -0.00940858 0.99975278
1680081367.307625 0.03908154 0.00335010 0.15547448 0.01001381 0.02907572 -0.00157676 0.99952581
1680081367.374301 0.03784089 0.00576780 0.12692946 0.00466570 0.03975161 0.00636684 0.99917841
1680081367.440977 0.03668867 0.01066422 0.10644795 0.00008196 0.04238550 0.00985355 0.99905274
1680081367.507653 0.03618048 0.01506273 0.08876705 0.00560102 0.04234823 0.01852321 0.99891549
1680081367.574328 0.03537778 0.01922119 0.07397528 0.01408266 0.04878061 0.02510449 0.99839466
1680081367.641004 0.03410252 0.02209679 0.05749574 0.01620599 0.05396696 0.02198568 0.99816911
1680081367.707679 0.03254785 0.02182984 0.03554654 0.01269049 0.06053387 0.02403536 0.99779602
1680081367.774354 0.03301734 0.01887335 0.02701340 0.01270485 0.07074794 0.02473580 0.99710654
1680081367.841030 0.03311022 0.01627432 0.01683780 0.01305118 0.07423871 0.01173781 0.99708601
1680081367.907706 0.03449515 0.01270815 0.00851442 0.02164586 0.08088812 0.00656820 0.99646647
1680081367.974381 0.03584318 0.01076155 -0.00117454 0.02486504 0.08398783 0.00460738 0.99614585
1680081368.041057 0.03914823 0.01188206 -0.00593340 0.01272800 0.08402666 0.00117974 0.99638152
1680081368.107733 0.03638805 0.01106294 -0.01176815 0.00157623 0.08436448 0.00366319 0.99642698
1680081368.174408 0.04067054 0.01325091 -0.01366675 -0.00455951 0.08193119 0.01289878 0.99654408
1680081368.241084 0.03958088 0.01449669 -0.01584328 -0.00414730 0.07994776 0.01624125 0.99665810
1680081368.307760 0.03957468 0.01647581 -0.02250616 -0.00138315 0.07905011 0.02132863 0.99664149
1680081368.374436 0.03944285 0.01927695 -0.02563942 -0.00593869 0.08068098 0.02964526 0.99628132
1680081368.441112 0.04001454 0.02350896 -0.02808401 -0.01723853 0.08000724 0.03029865 0.99618455
1680081368.507788 0.04038929 0.02593164 -0.03183588 -0.03080861 0.07919386 0.03406619 0.99580051
1680081368.574463 0.03992030 0.02542165 -0.03369150 -0.02823192 0.07669766 0.03659753 0.99598245
1680081368.641138 0.04155345 0.02333908 -0.03544471 -0.02392411 0.08015353 0.03781586 0.99577759
1680081368.707814 0.04326587 0.02251151 -0.03681419 -0.01977040 0.07677936 0.03921833 0.99608031
1680081368.774490 0.04378996 0.02074510 -0.03707632 -0.01489780 0.07406741 0.04282702 0.99622182
1680081368.841166 0.04152725 0.02107532 -0.03845355 -0.01492339 0.06584423 0.04325011 0.99678045
1680081368.907841 0.03817654 0.02055899 -0.03861367 -0.01439032 0.05289832 0.04340555 0.99755233
1680081368.974517 0.03385734 0.02013450 -0.04103922 -0.01410338 0.03834012 0.04350584 0.99821760
1680081369.041193 0.02951986 0.01934979 -0.04150764 -0.01329746 0.02081317 0.04164259 0.99882725
1680081369.107869 0.02547385 0.01895559 -0.04242875 -0.01275739 0.00789843 0.03976310 0.99909647
1680081369.174546 0.02439456 0.01855984 -0.04243112 -0.01259179 0.00545283 0.04025421 0.99909525
1680081369.241223 0.02174746 0.01857735 -0.04283792 -0.01266342 -0.00312109 0.03906106 0.99915171
1680081369.307899 0.02028373 0.01907026 -0.04302556 -0.01297794 -0.00575252 0.03599940 0.99925098
1680081369.374576 0.02048623 0.01902705 -0.04329540 -0.01310990 -0.00634836 0.03579337 0.99925305
1680081369.441253 0.02090756 0.01906752 -0.04276761 -0.01324932 -0.00596308 0.03525805 0.99927262
1680081369.507929 0.02212464 0.01910388 -0.04274611 -0.01326291 -0.00392596 0.03548821 0.99927437
1680081369.574606 0.02305432 0.02003310 -0.04309249 -0.01326685 -0.00530210 0.02953703 0.99946158
1680081369.641283 0.02543902 0.02098023 -0.04299694 -0.01319537 -0.00397377 0.02215281 0.99965961
1680081369.707959 0.02820453 0.02249289 -0.04307555 -0.01348672 -0.00282602 0.01513558 0.99979050
1680081369.774636 0.02777266 0.02221372 -0.04336056 -0.01358363 -0.00526197 0.01758635 0.99973922
1680081369.841313 0.02794209 0.02168881 -0.04423105 -0.01365427 -0.00864475 0.01682862 0.99972778
1680081369.907989 0.02713909 0.02183226 -0.04398121 -0.01336656 -0.01025560 0.01630236 0.99972516
1680081369.974666 0.02704932 0.02178559 -0.04400799 -0.01295864 -0.01066644 0.01583383 0.99973376
1680081370.041343 0.02703743 0.02171192 -0.04405750 -0.01261701 -0.01102888 0.01562748 0.99973744
1680081370.108021 0.02696028 0.02164652 -0.04407064 -0.01237715 -0.01123348 0.01564533 0.99973789
1680081370.174699 0.02704172 0.02162246 -0.04411833 -0.01238565 -0.01129548 0.01574898 0.99973545
1680081370.241377 0.02636084 0.02098376 -0.04414939 -0.00985714 -0.01413152 0.01540960 0.99973280
1680081370.308054 0.02817444 0.02133302 -0.04478422 -0.01261345 -0.01123157 0.01559008 0.99973582
1680081370.374731 0.02820080 0.02141904 -0.04504355 -0.01251576 -0.01136421 0.01560079 0.99973538
1680081370.441409 0.02794741 0.02163817 -0.04485333 -0.01251783 -0.01145346 0.01585600 0.99973032
1680081370.508086 0.02779778 0.02155528 -0.04482718 -0.01201240 -0.01188940 0.01599732 0.99972918
1680081370.574764 0.02729438 0.02118014 -0.04479078 -0.01051237 -0.01341673 0.01598013 0.99972702
1680081370.641442 0.02747987 0.02127204 -0.04473672 -0.01083217 -0.01297978 0.01587737 0.99973101
1680081370.708119 0.02737034 0.02118956 -0.04474181 -0.01015054 -0.01366349 0.01582191 0.99972993
1680081370.774797 0.02805529 0.02146100 -0.04475308 -0.01211192 -0.01159403 0.01606093 0.99973043
1680081370.841474 0.02830132 0.02155580 -0.04475183 -0.01265630 -0.01103569 0.01619104 0.99972790
1680081370.908151 0.02844933 0.02172897 -0.04468375 -0.01334374 -0.01026478 0.01611750 0.99972837
1680081370.974829 0.02864762 0.02179602 -0.04458741 -0.01379616 -0.00938908 0.01618482 0.99972974
1680081371.041509 0.02959791 0.02185914 -0.04421586 -0.01440082 -0.00548147 0.01691974 0.99973811
1680081371.108188 0.03192031 0.02238846 -0.04307198 -0.01519286 0.00487602 0.01514532 0.99975798
1680081371.174868 0.03505796 0.02243568 -0.04190994 -0.01592103 0.01689492 0.01622328 0.99959886
1680081371.241547 0.03860756 0.02291520 -0.03996141 -0.01528451 0.03251768 0.01573521 0.99923040
1680081371.308227 0.04278303 0.02421243 -0.03829455 -0.01810651 0.05081897 0.01112963 0.99848171
1680081371.374907 0.04583598 0.02512468 -0.03670991 -0.02301162 0.06185616 0.00962636 0.99777333
1680081371.441587 0.04793720 0.02586105 -0.03481711 -0.02879312 0.07556300 0.00711831 0.99669981
1680081371.508267 0.04840588 0.02740729 -0.03136898 -0.03306316 0.08893402 0.01030549 0.99543526
1680081371.574947 0.04719299 0.02708769 -0.02520276 -0.01539025 0.09086364 0.01247490 0.99566627
1680081371.641627 0.04893083 0.02462813 -0.00984126 0.02074768 0.09453676 0.01048047 0.99524997
1680081371.708306 0.05634546 0.01933432 0.01536187 0.04679457 0.08984985 -0.00378832 0.99484819
1680081371.774987 0.06648868 0.01265971 0.05016969 0.03820499 0.07332150 -0.02146691 0.99634508
1680081371.841667 0.07778625 0.00574925 0.09508752 0.02683331 0.05866501 -0.03125223 0.99742754
1680081371.908347 0.08710016 0.00063084 0.15117420 0.02672866 0.04438293 -0.04010642 0.99785130
1680081371.975028 0.09481628 -0.00400989 0.21463842 0.02648735 0.03321999 -0.04726169 0.99797855
1680081372.041708 0.10120449 -0.00501494 0.28346283 0.01558723 0.03165754 -0.05839657 0.99766962
1680081372.108388 0.10466733 -0.00579601 0.35609825 0.00731862 0.02917048 -0.06221725 0.99760941
1680081372.175067 0.10278758 -0.00420497 0.43224811 0.00046014 0.02284695 -0.05726378 0.99809752
1680081372.241748 0.10032961 -0.00141846 0.51102131 -0.01140471 0.01543528 -0.05466683 0.99832020
1680081372.308428 0.09691840 0.00104523 0.59126901 -0.01659673 0.00936121 -0.04725646 0.99870103
1680081372.375108 0.09472932 0.00107195 0.67260546 -0.00894749 0.00810269 -0.04302329 0.99900114
1680081372.441789 0.09374251 -0.00109294 0.75464551 0.00074955 0.00469095 -0.04077363 0.99915712
1680081372.508470 0.09283585 -0.00699589 0.83698360 0.00696347 -0.00033211 -0.03897036 0.99921605
1680081372.575149 0.09193838 -0.01594706 0.91867436 0.01908789 -0.01025444 -0.04378195 0.99880611
1680081372.641830 0.09076602 -0.02766515 0.99768220 0.02699416 -0.02636925 -0.04918725 0.99807645
1680081372.708510 0.08864613 -0.04206027 1.07075153 0.03705522 -0.04516343 -0.05282931 0.99689329
1680081372.775191 0.08898493 -0.05882794 1.13608441 0.04792692 -0.06302903 -0.05786634 0.99517930
1680081372.841872 0.08854010 -0.07580505 1.19076554 0.05426844 -0.08346951 -0.07078474 0.99251060
1680081372.908553 0.08726835 -0.09103208 1.23338932 0.05945250 -0.09744662 -0.08261005 0.99002280
1680081372.975233 0.08555683 -0.10488893 1.26376906 0.06888911 -0.10312965 -0.08484073 0.98864585
1680081373.041909 0.08464516 -0.11667425 1.28550650 0.06768139 -0.11554630 -0.09067146 0.98683685
1680081373.108913 0.08733353 -0.12718563 1.29905243 0.05599082 -0.11767919 -0.10480603 0.98591700
1680081373.175835 0.09575618 -0.13698993 1.30545209 0.03425228 -0.12064027 -0.11626368 0.98526923
1680081373.242761 0.10922583 -0.14544838 1.30750274 0.02201336 -0.10811817 -0.12581716 0.98589853
1680081373.309690 0.12689819 -0.15210054 1.35241450 0.01560512 -0.09500219 -0.14054254 0.98538260
1680081373.376622 0.15109329 -0.16209640 1.30321922 -0.00975104 -0.09721159 -0.16282138 0.98180651
1680081373.443557 0.17907941 -0.17094285 1.30055646 -0.02904864 -0.10056579 -0.19640727 0.97491891
1680081373.510495 0.20734045 -0.18032691 1.29969867 -0.02887460 -0.09655276 -0.21318781 0.97179976
1680081373.577436 0.23575463 -0.19023956 1.30097548 -0.01964835 -0.09346687 -0.22638396 0.96934421
1680081373.644381 0.26753422 -0.20152904 1.30042438 -0.02438178 -0.08321928 -0.24115570 0.96660437
1680081373.711328 0.30283796 -0.21547587 1.29689788 -0.03343703 -0.06895089 -0.25811232 0.96307101
1680081373.778279 0.33925634 -0.23358951 1.29013938 -0.03462795 -0.05657969 -0.27280082 0.95978089
1680081373.845233 0.37630279 -0.25531225 1.28132451 -0.03202493 -0.04929792 -0.28262464 0.95742751
1680081373.912189 0.41671991 -0.27984238 1.26918310 -0.03183730 -0.04246199 -0.29233978 0.95484073
1680081373.979150 0.46039831 -0.30820258 1.25656322 -0.03425040 -0.03795559 -0.29636935 0.95370409
1680081374.046020 0.50833885 -0.33881474 1.24634875 -0.03682058 -0.03674860 -0.29975340 0.95259734
1680081374.112664 0.56022373 -0.37206066 1.24218929 -0.03687026 -0.03716644 -0.29705013 0.95342565
1680081374.179321 0.61471775 -0.40348767 1.23935150 -0.03628114 -0.03568622 -0.29659027 0.95364794
1680081374.245979 0.67325836 -0.43393169 1.23936318 -0.04139454 -0.03491102 -0.28945878 0.95565754
1680081374.312636 0.73366476 -0.46237170 1.24057570 -0.04202559 -0.03271503 -0.29227530 0.95485011
1680081374.379292 0.79384619 -0.48980396 1.23892321 -0.03666521 -0.03322395 -0.28618204 0.95689690
1680081374.445949 0.85519518 -0.51688589 1.23529759 -0.03144426 -0.03499210 -0.28108271 0.95852977
1680081374.512605 0.92228902 -0.53959248 1.22976687 -0.03621315 -0.03911038 -0.27717085 0.95934108
1680081374.579261 0.99136346 -0.56089328 1.22491381 -0.05038300 -0.04321099 -0.27917696 0.95794289
1680081374.645916 1.06206987 -0.58399597 1.22180634 -0.05663630 -0.04688817 -0.28588342 0.95543943
1680081374.712571 1.13020347 -0.61632095 1.22235524 -0.05047725 -0.04361511 -0.28395927 0.95651289
1680081374.779226 1.20134193 -0.63935620 1.22116191 -0.04730900 -0.03402127 -0.28686385 0.95619744
1680081374.845880 1.26771982 -0.66360915 1.22405003 -0.05417688 -0.02988879 -0.29091936 0.95474471
1680081374.912534 1.33021331 -0.69185712 1.22675159 -0.05144339 -0.01927982 -0.29615946 0.95355726
1680081374.979187 1.39352804 -0.72537354 1.22737415 -0.04633795 -0.02076343 -0.29728481 0.95343768
1680081375.045857 1.45466206 -0.75658672 1.22119801 -0.04835679 -0.02337878 -0.29713534 0.95332347
1680081375.112497 1.52221355 -0.79360066 1.20764786 -0.05690613 -0.02957866 -0.30091795 0.95149103
1680081375.179151 1.58701092 -0.83178154 1.19802419 -0.06676258 -0.03459532 -0.29786230 0.95164277
1680081375.245805 1.65565422 -0.87164810 1.19216027 -0.06606867 -0.03731059 -0.28918352 0.95426188
1680081375.312458 1.72920420 -0.90876251 1.19166117 -0.06725178 -0.03962480 -0.27348821 0.95870291
1680081375.379111 1.80617566 -0.94622077 1.19299259 -0.06643067 -0.03508291 -0.27078230 0.95970469
1680081375.445764 1.88394272 -0.98300287 1.19676866 -0.06998741 -0.03548571 -0.26208451 0.96184938
1680081375.512416 1.96234225 -1.01917350 1.19922314 -0.05756962 -0.03014993 -0.25506977 0.96473630
1680081375.579068 2.04108551 -1.05459946 1.19672671 -0.04472656 -0.03296740 -0.24918095 0.96686170
1680081375.645719 2.12129589 -1.08803198 1.18870371 -0.03844315 -0.03459188 -0.24622427 0.96783218
1680081375.712369 2.19885462 -1.11775715 1.17882163 -0.04247832 -0.03755902 -0.24793926 0.96711480
1680081375.779020 2.27990772 -1.14490929 1.17131471 -0.05038550 -0.03649438 -0.25393695 0.96521784
1680081375.845670 2.36001707 -1.17471694 1.16735949 -0.04922651 -0.03055512 -0.25113062 0.96621765
1680081375.912320 2.44019028 -1.20064236 1.16547130 -0.04281606 -0.01984457 -0.24461561 0.96847105
1680081375.978969 2.51641013 -1.22505181 1.16551257 -0.04547459 -0.01143978 -0.24878566 0.96742281
1680081376.045634 2.59471075 -1.25260533 1.16576836 -0.04435712 -0.00180633 -0.25150794 0.96683656
1680081376.112277 2.67587062 -1.28633522 1.16244973 -0.03716149 0.00291537 -0.24543374 0.96869644
1680081376.178931 2.75728809 -1.31690484 1.15559962 -0.03828423 -0.00018633 -0.24141719 0.96966593
1680081376.245587 2.84394504 -1.34751276 1.14551208 -0.04297868 -0.00623701 -0.23428051 0.97119853
1680081376.312242 2.93185916 -1.37966720 1.13841561 -0.04241106 -0.01110322 -0.22074010 0.97434687
1680081376.378896 3.02392631 -1.40537385 1.13898626 -0.04239593 -0.01332617 -0.19678017 0.97943992
1680081376.445549 3.12206631 -1.42739471 1.14019961 -0.04173969 -0.01276893 -0.18001206 0.98269548
1680081376.512203 3.22060258 -1.44220362 1.14187027 -0.04178304 -0.00627753 -0.16088266 0.98606873
1680081376.578856 3.31898393 -1.45113540 1.14002356 -0.04114282 -0.00112928 -0.15403156 0.98720832
1680081376.645508 3.42121651 -1.45454761 1.13582955 -0.04551622 0.00069879 -0.14057872 0.98902245
1680081376.712161 3.52186956 -1.45404683 1.12729290 -0.04612770 -0.00322470 -0.12565110 0.99099628
1680081376.778812 3.61981022 -1.44954796 1.12042274 -0.04851851 -0.00697710 -0.11742490 0.99187130
1680081376.845464 3.71478771 -1.44109695 1.11772634 -0.05127790 -0.01315890 -0.12022126 0.99133459
1680081376.912116 3.81462660 -1.43484832 1.11919513 -0.05338043 -0.01041150 -0.11238217 0.99217558
1680081376.978766 3.90947301 -1.42583362 1.12592966 -0.05457240 -0.01421901 -0.10218596 0.99316550
1680081377.045429 4.00536088 -1.41514806 1.13017046 -0.04867697 -0.01104557 -0.08553318 0.99508423
1680081377.112075 4.10189254 -1.40060918 1.13037059 -0.04471501 -0.01280395 -0.06433527 0.99684382
1680081377.178731 4.19798936 -1.38167052 1.12610318 -0.05050779 -0.01926234 -0.04284503 0.99761828
1680081377.245387 4.29518120 -1.35909451 1.11866801 -0.05272042 -0.02269544 -0.01974729 0.99815606
1680081377.312042 4.39425210 -1.33294326 1.11212990 -0.04678208 -0.03160088 0.00543894 0.99839032
1680081377.378697 4.48762787 -1.30088757 1.11058905 -0.04220819 -0.03965911 0.04948958 0.99709398
1680081377.445352 4.58385042 -1.26411490 1.11100207 -0.03903554 -0.03715452 0.08695443 0.99475359
1680081377.512005 4.67594846 -1.22100672 1.11104185 -0.04678325 -0.03211421 0.10975827 0.99233720
1680081377.578659 4.76431696 -1.17292479 1.10891293 -0.05292549 -0.03014322 0.12260759 0.99058450
1680081377.645313 4.85301886 -1.12428931 1.10260401 -0.04836923 -0.02634013 0.14467683 0.98794495
1680081377.711966 4.93095118 -1.07020683 1.09605389 -0.04683038 -0.02472310 0.16966822 0.98407742
1680081377.778618 5.00364955 -1.01362349 1.09217431 -0.05819345 -0.03268508 0.17916040 0.98155324
1680081377.845270 5.07060816 -0.95653519 1.09189380 -0.06435791 -0.04185804 0.17996960 0.98067166
1680081377.911922 5.13554081 -0.89867863 1.09518259 -0.05581380 -0.03634723 0.19685631 0.97816731
1680081377.978573 5.19442183 -0.83945540 1.09979132 -0.04545612 -0.03146138 0.21441079 0.97517790
1680081378.045237 5.24847151 -0.77617890 1.10327828 -0.04738003 -0.03116970 0.22393553 0.97295245
1680081378.111881 5.30492647 -0.71096241 1.10645101 -0.04801239 -0.03136937 0.23695760 0.96982569
1680081378.178537 5.36250284 -0.64393966 1.10592743 -0.04088059 -0.03209956 0.25806853 0.96472744
1680081378.245191 5.41773301 -0.57368974 1.10210873 -0.03562248 -0.03566977 0.27922458 0.95890163
1680081378.311846 5.46949115 -0.49888488 1.09964207 -0.03622722 -0.04530307 0.29670750 0.95320506
1680081378.378499 5.51983994 -0.42058319 1.10187395 -0.03323295 -0.05119227 0.31936963 0.94566271
1680081378.445152 5.56693976 -0.33976093 1.10720212 -0.02381246 -0.04925074 0.34299583 0.93774260
1680081378.511805 5.60908669 -0.25603966 1.11341724 -0.02021472 -0.05071270 0.37252772 0.92641389
1680081378.578458 5.64602165 -0.16840694 1.11787531 -0.01951533 -0.04421491 0.38915835 0.91990215
1680081378.645110 5.67748293 -0.08004899 1.11831347 -0.02053226 -0.04183855 0.40382687 0.91364754
1680081378.711762 5.70516350 0.00690042 1.11581431 -0.01900075 -0.04116738 0.42266509 0.90515106
1680081378.778413 5.72803888 0.09535957 1.11427887 -0.01798369 -0.04505024 0.43731786 0.89799786
1680081378.845063 5.74379873 0.18236866 1.11438046 -0.02300002 -0.05435123 0.44064535 0.89573914
1680081378.911714 5.75803251 0.27033857 1.11554259 -0.02221536 -0.05162673 0.45037863 0.89106692
1680081378.978364 5.76632398 0.35719975 1.11970117 -0.01470115 -0.05211896 0.47089563 0.88052529
1680081379.045025 5.76951898 0.44554808 1.12320808 -0.01847201 -0.04639625 0.49073369 0.86987736
1680081379.111671 5.76903536 0.53476797 1.12409555 -0.02410391 -0.04949106 0.50805339 0.85956465
1680081379.178325 5.76701946 0.62664486 1.12092960 -0.02310040 -0.05581982 0.52977721 0.84598264
1680081379.244979 5.76144849 0.71860666 1.11589541 -0.01686807 -0.05745259 0.55680699 0.82848093
1680081379.311633 5.75018788 0.81196085 1.11111491 -0.00689613 -0.05820570 0.57922175 0.81306008
1680081379.378286 5.73131769 0.90526956 1.10927703 0.00142155 -0.06308527 0.61151310 0.78871411
1680081379.444939 5.70540063 0.99899846 1.11155574 0.00815856 -0.05189243 0.64330077 0.76380935
1680081379.511591 5.67479366 1.09519272 1.11744801 0.01742338 -0.04346854 0.67498896 0.73634015
1680081379.578243 5.63556850 1.18771565 1.12229698 0.01417483 -0.03617857 0.70501350 0.70812863
1680081379.644895 5.58887372 1.28222935 1.11572911 0.00479278 -0.04468473 0.72499534 0.68728601
1680081379.711545 5.53749247 1.35791069 1.12300519 0.00112887 -0.05551022 0.74509393 0.66464455
1680081379.778196 5.48358582 1.43723128 1.12133124 0.00392836 -0.05436906 0.76658308 0.63982729
1680081379.844846 5.42802116 1.51356125 1.11981164 0.00652043 -0.05341312 0.77906212 0.62463328
1680081379.911496 5.36972631 1.58253018 1.12217244 0.00626810 -0.04751929 0.78847770 0.61319291
1680081379.978146 5.31241528 1.64866951 1.12626174 0.00679312 -0.04720110 0.80297488 0.59410206
1680081380.044806 5.25447471 1.71357701 1.12968485 0.00535353 -0.04240391 0.81605514 0.57639158
1680081380.111456 5.19621065 1.78340580 1.13104989 0.00434928 -0.03771480 0.82672161 0.56132883
1680081380.178112 5.13536198 1.84375135 1.12884002 0.00624947 -0.03523203 0.83691177 0.54616694
1680081380.244770 5.07304572 1.90426385 1.12340639 0.00844542 -0.04139183 0.84908201 0.52656920
1680081380.311426 5.00813932 1.96557421 1.11707416 0.01094883 -0.04348429 0.86018172 0.50801245
1680081380.378083 4.94028333 2.02286306 1.11407975 0.01931458 -0.04247430 0.87378027 0.48407739
1680081380.444739 4.86844988 2.07868736 1.11546289 0.02414032 -0.03198529 0.88726779 0.45951067
1680081380.511394 4.79381418 2.13109927 1.12094165 0.03107320 -0.02595378 0.89961591 0.43480119
1680081380.578048 4.71255930 2.17924290 1.12288273 0.02323991 -0.02104923 0.91086848 0.41150389
1680081380.644703 4.62519803 2.22557652 1.12006060 0.01616608 -0.01976320 0.92059340 0.38968687
1680081380.711358 4.54016907 2.26235083 1.11568414 0.01416052 -0.02588766 0.92762215 0.37235261
1680081380.778012 4.45517142 2.29672861 1.11178060 0.01371543 -0.03168060 0.93552965 0.35155725
1680081380.844666 4.34877484 2.34867520 1.10486670 0.01210289 -0.03808396 0.94087661 0.33638420
1680081380.911319 4.28389678 2.35514263 1.10671970 0.00656903 -0.04463594 0.94318843 0.32918089
1680081380.977972 4.20337041 2.37656105 1.11025226 0.00548478 -0.04471774 0.94887766 0.31241227
1680081381.044632 4.12365675 2.39708703 1.11298735 0.00225582 -0.03904808 0.95393205 0.29746228
1680081381.111283 4.04411457 2.41668845 1.11341904 -0.00091173 -0.03643151 0.95810194 0.28409962
1680081381.177939 3.96391883 2.43528686 1.11139795 -0.00294823 -0.03919413 0.96160990 0.27159074
1680081381.244595 3.88546288 2.45108604 1.10825548 -0.00083578 -0.04551760 0.96582827 0.25515330
1680081381.311251 3.80216924 2.46777179 1.10302354 0.00541954 -0.05067723 0.96994003 0.23794702
1680081381.377906 3.71679323 2.48251782 1.10017911 0.01060348 -0.04407499 0.97411519 0.22146007
1680081381.444561 3.63094378 2.49592835 1.10024890 0.01531172 -0.02769442 0.97988821 0.19702199
1680081381.511215 3.54574262 2.50588586 1.10397313 0.01686299 -0.02267416 0.98378177 0.17712976
1680081381.577869 3.45768829 2.51178223 1.10784771 0.01597584 -0.03054224 0.98677950 0.15836087
1680081381.644523 3.36786684 2.51525147 1.10918992 0.00888514 -0.03078595 0.98889990 0.14508712
1680081381.711176 3.27768493 2.51528797 1.10916661 0.01058934 -0.02819464 0.99052196 0.13401181
1680081381.777830 3.19022918 2.51133223 1.10704941 0.01710915 -0.02963278 0.99204983 0.12110454
1680081381.844482 3.10420248 2.50452034 1.10412642 0.02294121 -0.03577332 0.99266964 0.11314128
1680081381.911134 3.01950116 2.49522138 1.10319591 0.02796137 -0.04313468 0.99222955 0.11330527
1680081381.977786 2.93741076 2.48422913 1.10391875 0.02461866 -0.04487689 0.99300287 0.10642032
1680081382.044445 2.85828730 2.47365056 1.10500530 0.02281796 -0.04229203 0.99416459 0.09657892
1680081382.111094 2.77412576 2.46486426 1.10604217 0.01389828 -0.03648829 0.99504034 0.09148855
1680081382.177748 2.68826410 2.45736233 1.10490323 0.00633298 -0.03030014 0.99568576 0.08747375
1680081382.244402 2.60177753 2.45068651 1.09980054 0.00889353 -0.02865655 0.99622759 0.08142668
1680081382.311056 2.51422252 2.44460359 1.09234852 0.01221930 -0.03048580 0.99677863 0.07316870
1680081382.377708 2.42395951 2.43772235 1.08465420 0.01313075 -0.02716673 0.99743219 0.06495051
1680081382.444361 2.33187077 2.42811674 1.08139362 0.01837106 -0.02398213 0.99844730 0.04680119
1680081382.511014 2.23949807 2.41548842 1.08091332 0.01228110 -0.02341656 0.99918096 0.03063081
1680081382.577666 2.14660271 2.40349203 1.08422748 0.01460786 -0.02472247 0.99951167 0.01232169
1680081382.644318 2.05224489 2.38875053 1.08542520 0.00714959 -0.02114628 0.99975079 -0.00027308
1680081382.710969 1.95885445 2.37253936 1.08454602 0.00904336 -0.01511722 0.99980869 -0.00850119
1680081382.777620 1.86606868 2.35622901 1.08025462 0.01285735 -0.01583232 0.99967167 -0.01551087
1680081382.844269 1.77551444 2.34082198 1.07512085 0.01877310 -0.02039895 0.99945087 -0.01814954
1680081382.910919 1.69038230 2.32626705 1.07093662 0.02174441 -0.02467927 0.99941651 -0.00920590
1680081382.977569 1.60870594 2.31270344 1.07017754 0.01566340 -0.02712049 0.99949373 -0.00560520
1680081383.044225 1.52675342 2.30034165 1.07245667 0.01823947 -0.02782098 0.99941460 -0.00798513
1680081383.110876 1.44117312 2.28864604 1.07590286 0.00912573 -0.02426667 0.99965800 -0.00342413
1680081383.177532 1.35533030 2.27960882 1.07887019 0.00706455 -0.01910347 0.99978421 0.00408336
1680081383.244186 1.26756982 2.26947705 1.07887499 0.01166846 -0.02018308 0.99972783 -0.00087409
1680081383.310841 1.17791618 2.26032406 1.07661003 0.02012647 -0.02271683 0.99951007 -0.00764832
1680081383.377496 1.08664794 2.24918242 1.07573638 0.02824289 -0.02548372 0.99913928 -0.01654157
1680081383.444150 0.99373924 2.23748569 1.07929695 0.04023859 -0.02505312 0.99828833 -0.03425808
1680081383.510804 0.89958105 2.22303868 1.08523050 0.03443982 -0.01902920 0.99798525 -0.04977172
1680081383.577457 0.80666359 2.20695344 1.09096258 0.03266497 -0.01598226 0.99713384 -0.06634514
1680081383.644110 0.71366878 2.18903405 1.09483806 0.02540936 -0.00970979 0.99699775 -0.07249537
1680081383.710762 0.62275090 2.17056644 1.09711733 0.02770713 -0.00557547 0.99625860 -0.08167020
1680081383.777414 0.53260806 2.15085261 1.09551838 0.03098794 -0.00747380 0.99523893 -0.09210521
1680081383.844066 0.44555886 2.13045856 1.09269492 0.03945401 -0.01500637 0.99495047 -0.09105909
1680081383.910717 0.36214285 2.10865236 1.09121124 0.04620951 -0.01944199 0.99461639 -0.09069143
1680081383.977368 0.28174430 2.08736659 1.09480205 0.04610025 -0.02457975 0.99381657 -0.09797563
1680081384.044025 0.20208537 2.06480650 1.10222487 0.05233396 -0.03306994 0.99279585 -0.10258621
1680081384.110679 0.12167097 2.04116155 1.10940841 0.04599825 -0.03328584 0.99220604 -0.11092061
1680081384.177335 0.03767595 2.01883095 1.11266906 0.04630346 -0.02923772 0.99105034 -0.12173895
1680081384.243991 -0.04691208 1.99205218 1.11124517 0.05156210 -0.02935941 0.98894438 -0.13589848
1680081384.310647 -0.13330815 1.96400583 1.10694681 0.05723613 -0.03255553 0.98631461 -0.15115443
1680081384.377303 -0.21967580 1.93153055 1.10308971 0.06133717 -0.03283617 0.98320504 -0.16872284
1680081384.443958 -0.30428682 1.89450551 1.10361131 0.06920006 -0.02802381 0.97622690 -0.20348726
1680081384.510613 -0.38774082 1.84975160 1.10823551 0.06033659 -0.02112787 0.96957758 -0.23628885
1680081384.577267 -0.46531079 1.79841182 1.11323013 0.06037201 -0.02725373 0.96029102 -0.27102327
1680081384.643921 -0.53809057 1.74253916 1.11696778 0.05944439 -0.03900618 0.95140189 -0.29963197
1680081384.710575 -0.60603966 1.68431072 1.11756906 0.05927593 -0.03817092 0.94074423 -0.33170717
1680081384.777228 -0.66929238 1.62432774 1.11560330 0.05945066 -0.03151222 0.92806196 -0.36629715
1680081384.843881 -0.72828741 1.56273787 1.11200057 0.06297386 -0.03717937 0.91900127 -0.38741277
1680081384.910534 -0.78203340 1.50076065 1.10985010 0.06845331 -0.05166865 0.91210722 -0.40088018
1680081384.977186 -0.83605715 1.43913021 1.10975262 0.06664913 -0.05899237 0.90174985 -0.42299527
1680081385.043842 -0.88500970 1.37741249 1.11228512 0.05936519 -0.05824967 0.88969954 -0.44890697
1680081385.110494 -0.93297784 1.31556127 1.11351207 0.05301616 -0.05339958 0.87455645 -0.47904988
1680081385.177149 -0.97754486 1.25259637 1.11114892 -0.05066729 0.05116159 -0.85731717 0.50972795
1680081385.243803 -1.01930344 1.18725306 1.10309336 -0.06008652 0.05516498 -0.83725595 0.54069299
1680081385.310457 -1.05342834 1.11919920 1.09528204 -0.07273879 0.05923635 -0.81308544 0.57453651
1680081385.377111 -1.07776809 1.05194307 1.08586168 -0.08454709 0.05651583 -0.77992683 0.61755315
1680081385.443764 -1.09330485 0.98231841 1.07815312 -0.07722439 0.05141010 -0.73952379 0.66670680
1680081385.510416 -1.10443597 0.91018120 1.07037734 -0.07217342 0.04917179 -0.69779026 0.71095842
1680081385.577068 -1.09721092 0.83913869 1.06503405 -0.07212360 0.06257654 -0.65699415 0.74782421
1680081385.643720 -1.08728928 0.76202110 1.05940785 -0.07820831 0.06846768 -0.62247884 0.77570338
1680081385.710372 -1.06355467 0.69085832 1.05123808 -0.07289080 0.06841587 -0.58366286 0.80581876
1680081385.777023 -1.03352350 0.62232618 1.04262206 -0.06466322 0.06036932 -0.54838185 0.83153567
1680081385.843673 -0.99862365 0.56162803 1.03914947 -0.06705830 0.05363319 -0.51682655 0.85177285
1680081385.910323 -0.95826763 0.50545169 1.03655944 -0.07175426 0.05233851 -0.49091869 0.86666651
1680081385.976973 -0.91433648 0.45327041 1.03716877 -0.07806259 0.04772259 -0.45968623 0.88335573
1680081386.043627 -0.86945979 0.40420098 1.03688956 -0.08793001 0.04307455 -0.42655085 0.89914808
1680081386.110282 -0.82202478 0.36171024 1.03791470 -0.09316039 0.03771449 -0.39751246 0.91207598
1680081386.176939 -0.77396464 0.32115712 1.03471051 -0.09144462 0.02898259 -0.36103055 0.92760705
1680081386.243596 -0.72598507 0.28088427 1.02970676 -0.08521608 0.01890229 -0.32621115 0.94125831
1680081386.310252 -0.67760619 0.23711297 1.01970638 -0.08317746 0.01141198 -0.28978076 0.95340358
1680081386.376907 -0.62827936 0.20201926 1.01404148 -0.08512268 -0.00090196 -0.25318941 0.96366407
1680081386.443562 -0.57674225 0.16895407 1.00846234 -0.07204980 -0.00856345 -0.21414669 0.97410302
1680081386.510217 -0.52184374 0.14173065 1.00465830 -0.05168897 -0.01424616 -0.17819929 0.98253260
1680081386.576872 -0.46702969 0.11846383 0.99545280 -0.04515201 -0.01147957 -0.14458477 0.98839504
1680081386.643526 -0.41035713 0.10098839 0.98514896 -0.04838733 -0.01365176 -0.12544454 0.99082590
1680081386.710180 -0.35485872 0.08597136 0.96599467 -0.05469351 -0.01363080 -0.10574845 0.99279408
1680081386.776834 -0.30277291 0.07588961 0.94281039 -0.05921150 -0.01890252 -0.08821990 0.99415992
1680081386.843486 -0.25336330 0.07197762 0.91487845 -0.05281008 -0.02651831 -0.07225446 0.99563405
1680081386.910138 -0.21130749 0.06870773 0.88190351 -0.03851100 -0.02825152 -0.04787589 0.99771071
1680081386.976791 -0.17266835 0.05955292 0.84505403 -0.02855902 -0.02524944 -0.02629883 0.99892703
1680081387.043446 -0.14160663 0.05361328 0.80468682 -0.01850256 -0.02629467 -0.00561045 0.99946724
1680081387.110099 -0.11523905 0.04330742 0.75861785 -0.00116640 -0.02292817 0.00742052 0.99970889
1680081387.176755 -0.09523840 0.03076201 0.71004651 0.01266600 -0.01409852 0.01612903 0.99969028
1680081387.243408 -0.07942082 0.01739852 0.66101208 0.01603210 -0.00971440 0.03300227 0.99927947
1680081387.310063 -0.07022296 0.00504365 0.61373438 0.00848727 -0.00720289 0.03143569 0.99944379
1680081387.376717 -0.05923547 -0.00502030 0.56680311 0.00702121 -0.00084826 0.02059276 0.99976293
1680081387.443370 -0.05042314 -0.01216403 0.51722641 0.00474270 0.02124337 0.03208439 0.99924813
1680081387.510023 -0.04296515 -0.01759482 0.46970954 -0.00566940 0.02508764 0.03907840 0.99890507
1680081387.576676 -0.03613043 -0.01985942 0.42290301 -0.01324953 0.02614050 0.04789574 0.99842232
1680081387.643329 -0.02687550 -0.01920989 0.37578543 -0.00678956 0.01988230 0.04896618 0.99857945
1680081387.709980 -0.01623473 -0.01837205 0.33056053 -0.00676403 0.01387630 0.05075355 0.99859190
1680081387.776631 -0.00880408 -0.01994052 0.28961737 -0.01169994 0.00383068 0.04732631 0.99880361
1680081387.843282 -0.00294309 -0.01854860 0.24870096 -0.01731556 -0.00647317 0.04848745 0.99865271
1680081387.909933 0.00300851 -0.01728352 0.20922301 -0.01305882 -0.00678447 0.05501576 0.99837704
1680081387.976583 0.00615170 -0.01860463 0.17291767 0.01257041 -0.00007437 0.06000756 0.99811877
1680081388.043235 0.01139040 -0.01685470 0.13447146 0.03784329 0.01452664 0.06896763 0.99679503
1680081388.109891 0.01706374 -0.01459076 0.10516118 0.05628360 0.03342488 0.07309790 0.99517417
1680081388.176545 0.02070764 -0.01290366 0.08021136 0.04792907 0.04517874 0.07629702 0.99490726
1680081388.243200 0.02360755 -0.01561344 0.06049008 0.04075581 0.05293173 0.06333138 0.99575415
1680081388.309855 0.02588606 -0.01670824 0.04526226 0.04483766 0.06411919 0.05976857 0.99514121
1680081388.376509 0.02757262 -0.01658683 0.03459901 0.04226019 0.06559904 0.06466730 0.99485124
1680081388.443163 0.03055267 -0.01727849 0.02512574 0.02157666 0.05874971 0.05737694 0.99638888
1680081388.509817 0.03564119 -0.01764239 0.01604081 0.01059869 0.05855989 0.04774930 0.99708496
1680081388.576469 0.03912946 -0.01606704 0.00555107 0.02743790 0.06856794 0.04106354 0.99642330
1680081388.643121 0.04263153 -0.01237903 -0.00401808 0.03489351 0.07588687 0.04446417 0.99551322
1680081388.709774 0.04182842 -0.00897331 -0.00836393 0.01696839 0.07209632 0.05412429 0.99578349
1680081388.776426 0.04155209 -0.00687312 -0.01317024 -0.00195857 0.06786019 0.05426378 0.99621614
1680081388.843077 0.04258345 -0.00698727 -0.01608510 -0.00102055 0.07014594 0.05241054 0.99615844
1680081388.909728 0.04424390 -0.00852712 -0.02092044 0.00336019 0.07542136 0.05038438 0.99587235
1680081388.976379 0.04424236 -0.00888187 -0.02397466 -0.00207920 0.07086678 0.03950083 0.99670119
1680081389.043030 0.04791455 -0.00613337 -0.02695906 -0.00501824 0.06866781 0.03779882 0.99691063
1680081389.109845 0.04712176 -0.00515754 -0.02933893 -0.01443853 0.06210130 0.03948982 0.99718379
1680081389.176635 0.04481757 -0.00435388 -0.03132032 -0.01771106 0.05391117 0.03921034 0.99761839
1680081389.243427 0.04134470 -0.00472053 -0.03188611 -0.01854080 0.04057311 0.03772899 0.99829183
1680081389.310222 0.03882743 -0.00501850 -0.03290063 -0.01824119 0.03246098 0.03631286 0.99864654
1680081389.377020 0.03578021 -0.00528113 -0.03440296 -0.01762649 0.01955703 0.03567023 0.99901675
1680081389.443821 0.03041074 -0.00445299 -0.03590221 -0.01820160 0.00644700 0.02470837 0.99950820
1680081389.510624 0.02706306 -0.00303962 -0.03733334 -0.01886929 -0.00096157 0.01183715 0.99975142
1680081389.577432 0.02699702 -0.00330892 -0.03789524 -0.01812753 -0.00210924 0.01162229 0.99976591
1680081389.644242 0.02731865 -0.00342219 -0.03818454 -0.01786651 -0.00415433 0.01138157 0.99976697
1680081389.711055 0.02541536 -0.00302901 -0.03733781 -0.01753982 -0.00510527 0.01102266 0.99977237
1680081389.777871 0.02629719 -0.00331026 -0.03743111 -0.01723803 -0.00532574 0.01131603 0.99977319
1680081389.844691 0.02637683 -0.00345877 -0.03749041 -0.01693261 -0.00565490 0.01164573 0.99977282
1680081389.911512 0.02637949 -0.00393564 -0.03770953 -0.01572608 -0.00692381 0.01193802 0.99978109
1680081389.978337 0.02606328 -0.00423348 -0.03778585 -0.01457559 -0.00832089 0.01211412 0.99978576
1680081390.045130 0.02597071 -0.00370154 -0.03789939 -0.01595263 -0.00687066 0.01208924 0.99977605
1680081390.111811 0.02609439 -0.00370991 -0.03751841 -0.01605149 -0.00680216 0.01217349 0.99977392
1680081390.178492 0.02604075 -0.00373198 -0.03751790 -0.01586702 -0.00692595 0.01189525 0.99977936
1680081390.245172 0.02565710 -0.00418027 -0.03775199 -0.01386705 -0.00905011 0.01152965 0.99979641
1680081390.311853 0.02538346 -0.00428025 -0.03799480 -0.01312633 -0.00981293 0.01146953 0.99979991
1680081390.378533 0.02561207 -0.00466448 -0.03803939 -0.01223333 -0.01061857 0.01141989 0.99980357
1680081390.445214 0.02660767 -0.00388313 -0.03815035 -0.01558112 -0.00716007 0.01140402 0.99978793
1680081390.511894 0.02663271 -0.00370439 -0.03839227 -0.01556698 -0.00717524 0.01141532 0.99978792
1680081390.578575 0.02659993 -0.00448039 -0.03826353 -0.01387142 -0.00890649 0.01145345 0.99979852
1680081390.645256 0.02713196 -0.00396425 -0.03825242 -0.01614868 -0.00634144 0.01124727 0.99978623
1680081390.711937 0.02729668 -0.00397863 -0.03823911 -0.01620465 -0.00637020 0.01139948 0.99978342
1680081390.778618 0.02720760 -0.00408602 -0.03821240 -0.01604972 -0.00662646 0.01142722 0.99978393
1680081390.845298 0.02714250 -0.00412066 -0.03820206 -0.01595578 -0.00674479 0.01146251 0.99978424
1680081390.911979 0.02690542 -0.00431704 -0.03815116 -0.01511547 -0.00763411 0.01144957 0.99979105
1680081390.978660 0.02676977 -0.00440587 -0.03810790 -0.01483540 -0.00796449 0.01143487 0.99979284
1680081391.045341 0.02687804 -0.00433547 -0.03811874 -0.01516257 -0.00761018 0.01143526 0.99979069
1680081391.112020 0.02689301 -0.00430764 -0.03809528 -0.01527879 -0.00750659 0.01142521 0.99978982
1680081391.178698 0.02681527 -0.00439000 -0.03809314 -0.01498454 -0.00784315 0.01143923 0.99979152
1680081391.245376 0.02671099 -0.00439467 -0.03804821 -0.01509087 -0.00776888 0.01142770 0.99979064
1680081391.312055 0.02694927 -0.00433516 -0.03813627 -0.01531489 -0.00754675 0.01144777 0.99978870
1680081391.378733 0.02691030 -0.00437543 -0.03813140 -0.01517763 -0.00770623 0.01145012 0.99978955
1680081391.445412 0.02679759 -0.00439133 -0.03807414 -0.01508641 -0.00779913 0.01144010 0.99979033
1680081391.512090 0.02681959 -0.00435938 -0.03805070 -0.01527673 -0.00761781 0.01143909 0.99978885
1680081391.578769 0.02632186 -0.00421139 -0.03802292 -0.01526983 -0.00764894 0.01142453 0.99978888
1680081391.645447 0.02651264 -0.00415685 -0.03774450 -0.01516000 -0.00774996 0.01141387 0.99978990
1680081391.712125 0.02658635 -0.00416347 -0.03771099 -0.01526292 -0.00764376 0.01140833 0.99978921
1680081391.778804 0.02664397 -0.00413448 -0.03762756 -0.01531122 -0.00760232 0.01141127 0.99978875
1680081391.845482 0.02663177 -0.00417120 -0.03758355 -0.01509098 -0.00779185 0.01141984 0.99979055
1680081391.912161 0.02659960 -0.00423458 -0.03766209 -0.01481545 -0.00813406 0.01138245 0.99979237
1680081391.978839 0.02651412 -0.00428500 -0.03756726 -0.01477794 -0.00820715 0.01137152 0.99979245
1680081392.045518 0.02651092 -0.00429130 -0.03754622 -0.01494741 -0.00796228 0.01139386 0.99979166
1680081392.112199 0.02640786 -0.00430366 -0.03739797 -0.01506269 -0.00793348 0.01138017 0.99979031
1680081392.178878 0.02633490 -0.00425256 -0.03739172 -0.01513516 -0.00784517 0.01137351 0.99978999
1680081392.245559 0.02626616 -0.00427777 -0.03743984 -0.01507649 -0.00790469 0.01137885 0.99979035
1680081392.312239 0.02620209 -0.00431812 -0.03744453 -0.01507728 -0.00789306 0.01139685 0.99979022
1680081392.378920 0.02621155 -0.00430537 -0.03745669 -0.01512632 -0.00782164 0.01141255 0.99978986
1680081392.445601 0.02624366 -0.00427257 -0.03750809 -0.01512186 -0.00785520 0.01140970 0.99978970
1680081392.512282 0.02632674 -0.00425854 -0.03748544 -0.01511592 -0.00786705 0.01141275 0.99978966
1680081392.578962 0.02653638 -0.00421935 -0.03751002 -0.01511041 -0.00782997 0.01140030 0.99979018
1680081392.645643 0.02675731 -0.00426280 -0.03753167 -0.01509562 -0.00786415 0.01139823 0.99979016
1680081392.712323 0.02682400 -0.00426062 -0.03751789 -0.01509025 -0.00789348 0.01140402 0.99978994
1680081392.779004 0.02692964 -0.00425114 -0.03755125 -0.01514027 -0.00784430 0.01139658 0.99978966
1680081392.845685 0.02694971 -0.00424979 -0.03756034 -0.01513738 -0.00785683 0.01139649 0.99978960
1680081392.912366 0.02695320 -0.00425705 -0.03758822 -0.01511212 -0.00789088 0.01139798 0.99978970
1680081392.979047 0.02695773 -0.00420787 -0.03755905 -0.01514599 -0.00785453 0.01138763 0.99978959
1680081393.045727 0.02700080 -0.00422990 -0.03761166 -0.01515272 -0.00787317 0.01139138 0.99978930
1680081393.112405 0.02699851 -0.00422473 -0.03762448 -0.01512934 -0.00787461 0.01138832 0.99978968
1680081393.179084 0.02703406 -0.00422807 -0.03763976 -0.01516208 -0.00784544 0.01139580 0.99978933
1680081393.245763 0.02698653 -0.00423142 -0.03762962 -0.01515363 -0.00786348 0.01139672 0.99978930
1680081393.312442 0.02696312 -0.00421128 -0.03761517 -0.01514692 -0.00786896 0.01139510 0.99978938
1680081393.379121 0.02697051 -0.00419946 -0.03762900 -0.01517131 -0.00785862 0.01138964 0.99978915
1680081393.445800 0.02692417 -0.00421147 -0.03759004 -0.01516551 -0.00786126 0.01138525 0.99978927
1680081393.512478 0.02672210 -0.00416158 -0.03754514 -0.01516770 -0.00786769 0.01139086 0.99978912
1680081393.579156 0.02716752 -0.00426860 -0.03776618 -0.01517988 -0.00788333 0.01139382 0.99978878
1680081393.645835 0.02718133 -0.00427925 -0.03778370 -0.01518203 -0.00788556 0.01139721 0.99978869
1680081393.712514 0.02717783 -0.00426585 -0.03777732 -0.01518147 -0.00789096 0.01138312 0.99978882
1680081393.779193 0.02721462 -0.00428188 -0.03779861 -0.01520769 -0.00788725 0.01139378 0.99978833
1680081393.845872 0.02720013 -0.00428538 -0.03779494 -0.01521481 -0.00789595 0.01139682 0.99978812
1680081393.912549 0.02721687 -0.00438716 -0.03781207 -0.01518517 -0.00790471 0.01139810 0.99978848
1680081393.979228 0.02724272 -0.00436802 -0.03782379 -0.01519036 -0.00790987 0.01139130 0.99978844
1680081394.045907 0.02720827 -0.00434975 -0.03780437 -0.01519240 -0.00790492 0.01137908 0.99978859
1680081394.112590 0.02720267 -0.00436268 -0.03782037 -0.01519451 -0.00791023 0.01138960 0.99978839
1680081394.179272 0.02721692 -0.00438391 -0.03784349 -0.01518309 -0.00791061 0.01139300 0.99978853
1680081394.245954 0.02719298 -0.00435849 -0.03782021 -0.01518895 -0.00790393 0.01138482 0.99978858
1680081394.312636 0.02720553 -0.00438517 -0.03782249 -0.01518550 -0.00789049 0.01138251 0.99978877
1680081394.379317 0.02722539 -0.00437839 -0.03783707 -0.01522826 -0.00789609 0.01138491 0.99978805
1680081394.445999 0.02719905 -0.00438892 -0.03782086 -0.01520151 -0.00790396 0.01139044 0.99978833
1680081394.512681 0.02722204 -0.00435517 -0.03782544 -0.01521746 -0.00788574 0.01139020 0.99978823
1680081394.579363 0.02725827 -0.00435726 -0.03783425 -0.01521941 -0.00790707 0.01137617 0.99978819
1680081394.646045 0.02723720 -0.00435960 -0.03784155 -0.01521426 -0.00790764 0.01138464 0.99978817
1680081394.712727 0.02721582 -0.00434741 -0.03782164 -0.01522097 -0.00790678 0.01138480 0.99978807
1680081394.779410 0.02644694 -0.00410576 -0.03757595 -0.01523150 -0.00788738 0.01135417 0.99978841
1680081394.846091 0.02697533 -0.00413243 -0.03751628 -0.01520972 -0.00788939 0.01135870 0.99978868
1680081394.912773 0.02697446 -0.00411193 -0.03751239 -0.01520705 -0.00788367 0.01135357 0.99978882
1680081394.979455 0.02697286 -0.00411401 -0.03751877 -0.01520871 -0.00788021 0.01135512 0.99978881
1680081395.046137 0.02696536 -0.00413087 -0.03750495 -0.01520410 -0.00788871 0.01135928 0.99978876
1680081395.112816 0.02696647 -0.00412727 -0.03749763 -0.01522225 -0.00788116 0.01136527 0.99978848
1680081395.179496 0.02699624 -0.00412664 -0.03754141 -0.01522728 -0.00789078 0.01134997 0.99978850
1680081395.246174 0.02693335 -0.00412418 -0.03751702 -0.01521952 -0.00789422 0.01135355 0.99978855
1680081395.312853 0.02693744 -0.00410206 -0.03750778 -0.01522927 -0.00789026 0.01135916 0.99978837
1680081395.379531 0.02697923 -0.00409573 -0.03752515 -0.01521812 -0.00790181 0.01135349 0.99978851
1680081395.446210 0.02700868 -0.00412063 -0.03755007 -0.01524194 -0.00790692 0.01135400 0.99978810
